-1.0305179189831444
1.058218032502134
0.45585735861630605
-0.06823658237529671
0.4709641279616303
-1.3502321100005619
-0.02632674361960225
-2.0826424707895503
0.14229848070601567
-1.8231321870246129
-0.6673368193887682
-2.083559202068539
-1.1778754569087158
0.47310878272822987
-0.3139820738659274
0.5340826525969963
0.4864387000763383
-1.0856753754207664
1.5740573085912601
-1.2821189131616697
2.0029896552816324
-0.4989967795025774
0.7106229797649463
-1.189176101907091
-0.5618541280671868
-0.2412517177768638
-0.9979888836430137
-2.8714202491647733
0.2701457933606753
-0.3472252452791126
-0.1983688608761901
-2.285544353989966
-1.1193935883154444
-1.4606891202154835
-0.1514846863180931
-0.9055015821752203
0.232936724817097
-0.9495948650541562
-0.22050068451122803
-1.3753164279343375
-1.724723954075522
-0.11340103065857193
-2.2780679380717808
0.6877523319879952
-0.8142275958018524
-1.608365299203054
-2.9335449826910667
-0.357679147579177
-0.27973829651690707
-1.6623643472984169
