-6928685.411286677
-6914951.801892432
-6914722.291126532
-6929337.61350135
-6914925.725283233
-6928915.861832556
-6929116.253155976
-6914641.326720144
-6928260.425176842
-6928138.867594369
-6929611.665344966
-6886155.965702097
-6929522.489302187
-6929189.911530944
-6901565.5153034115
-6901695.237151258
-6903493.006752809
-6928528.521649569
-6901591.740861661
-6928544.446466274
-6901521.2028875835
-6928706.019176617
-6903164.513766587
-6929353.927496411
-6929140.657901686
-6886721.86564345
-6928803.5944887325
-6929462.902738522
-6901207.46723385
-6929135.027996603
-6929192.7322111735
-6929329.812794147
-6929482.226790139
-6901614.316672984
-6914788.964130699
-6928484.066558202
-6901540.54848652
-6901579.136389368
-6903170.452589377
-6914907.645103587
-6929304.895717289
-6901581.175161523
-6914617.012296766
-6914966.745425238
-6901531.877432795
-6915046.419554718
-6901496.181373379
-6914480.1997944275
-6901925.981531067
-6928665.589321385
