-124.61107040178833
85.67749387763865
-118.69185622188176
11.725381444785683
103.42511664083804
-25.204512166054077
-75.03728875799375
-100.25767686866008
10.616935125757358
-69.00196093501711
102.92626252783744
-97.9445219416988
-48.3238659102146
-16.673555814848285
83.1334463291993
57.9110689922521
118.84012330704402
23.60556100583358
-115.396462113625
9.69644305772821
12.106624611333041
41.491274461335706
-49.591236926909495
6.420548141960079
29.297069587519054
-128.2188258319699
-62.55314317679871
23.298293265545702
14.246052154002527
-31.107992124631338
-93.75381418782605
-121.50049830418732
-14.809308744311904
-14.390832726065508
36.895355199066394
128.01178311928905
-98.65569690432771
-13.256085929381877
4.513638652305925
102.31872598856914
-30.616376450696773
25.7323217507756
-115.80456942364137
98.41750022855366
88.4073962379079
136.65916425944337
69.28434835471194
-119.01432062367104
69.31201905364806
-59.63434993712865
