-186433.20517983023
-185536.1635190615
-186597.61471104456
-186684.67646388747
-185361.25893814527
-186535.72811938138
-186410.98023089612
-185598.59427527795
-185880.7694780674
-185104.06851615204
-186529.36100358592
-186655.53603093541
-186578.08009909833
-186048.3583790758
-185558.1496542431
-186679.4987206314
-186674.2933491659
-185907.52179455903
-186168.14754725847
-186628.06990294266
-186452.73524251144
-186655.75212297117
-186488.7283658285
-186405.01418598383
-185531.98887645264
-185597.04940077898
-186401.64105908596
-186685.72330359233
-186524.00245334205
-186665.5973631193
-186436.4282851124
-185398.95734346926
-186631.97169378604
-186455.42356976867
-186510.9732543144
-186010.55858454286
-186451.52159810337
-186438.22065791042
-186455.84795620595
-186703.04006158482
-186670.76174798643
-186652.32718845372
-186571.49684152156
-186120.37873627833
-186123.18461574274
-185069.80821147244
-186518.44759408117
-186651.76582722855
-186633.41488724263
-186498.03428158746
