-85575.91774384252
-85589.91867437778
-85735.7089812074
-85919.5100039687
-85891.89805395892
-85876.22897519721
-85733.76976438312
-85735.76593655488
-85921.9522634528
-85595.79260579041
-85381.89308414873
-85589.10957505427
-85360.79554069175
-85896.88107152947
-85927.12044361664
-85745.3044949969
-85490.47389110962
-85509.43410286625
-85579.41954316777
-85390.12100533998
-85502.86126818591
-85902.9974891205
-85768.20647245336
-85728.02955553947
-85902.57866731285
-85927.69962604438
-85613.47397482654
-85893.45623842944
-85487.42261648279
-85893.26706566599
-85569.24053659604
-85915.56908045447
-85900.86771198474
-85916.89211871926
-85728.2301953253
-85891.96437722839
-85646.70702449887
-85386.45890016663
-85915.45526618174
-85502.1316099411
-85934.09675685868
-85725.02802285913
-85731.89868342264
-85771.30475030054
-85364.98377705371
-85904.32000348688
-85589.63724159836
-85729.60602542001
-85885.59602665782
-85603.04627598543
