72.6674866589081
2.520296017995826
183.52282379170364
-80.27704383578184
197.55612999043169
208.71652609370216
191.06380404271147
-40.45086609262847
135.44469491027763
-11.052337059845673
-171.99270772092402
-81.42129854065018
-55.59336099844751
-48.25660869046877
45.6971422568344
-95.44174129554273
122.64158284499317
103.71038983404534
-9.050906162961425
-106.16218054753048
-113.43212694444559
-9.929398726719421
0.2700949308884153
41.791690910742986
-139.2565579244765
-129.4122510016285
-111.76548241056457
60.628387373726575
-47.1205631443956
-84.68492440383795
80.99146775289663
-68.31817742447315
207.664093900506
-98.93514583360813
-92.01968481833997
-207.25049387002056
40.591559605779196
-134.14774516542184
191.80664762401406
47.002772967309994
105.03307714523093
-179.4747099819399
-65.86559165627898
-142.32367680853287
14.565636483056728
162.85643175714378
162.16352810557314
15.478781023089455
-172.28276618320268
-45.008927840101165
