-28460.124960461984
-47381.50439928304
-47380.31178547933
-37939.980082748894
-28460.87372545537
-47379.213612305066
-28460.25266585384
-47379.728698450424
-47379.82779720593
-37939.57862408642
-28460.406012546013
-47381.82107193098
-47381.29115687505
-37939.787026709346
-47381.273730938025
-28461.71298072494
-47379.038490053645
-37938.57442513676
-47378.588915253975
-47379.76098114458
-47380.67914540738
-47380.414727735915
-37939.52499625682
-37939.83234080847
-47379.13165580347
-47379.65601492576
-28461.767341873965
-47381.027951092066
-47378.64359280653
-28460.523449051212
-28460.57448271846
-47382.00604618341
-47380.18241016902
-47380.41748765375
-47380.87144624468
-28460.17764898189
-28461.116847151523
-28460.626926963367
-37939.518973764134
-28460.278448744473
-47379.8646697737
-47379.4265029834
-47379.98459129868
-37939.61582222833
-47380.314064522005
-37939.97051772375
-47380.153719043476
-28462.18342906656
-37939.5465913399
-47380.423252358334
