-75996.76726874348
-59107.29350474668
-75996.63539030484
-75994.94344382401
-75996.63602715067
-75996.31404534614
-75994.0973157037
-75996.60828092841
-59107.62906227727
-75994.97091317733
-75996.39869719345
-59107.77405189884
-75998.4145315833
-59107.552112124526
-75996.69118130428
-75996.50784891602
-75994.62582567144
-59107.080150058144
-59106.97309335429
-59107.70121234799
-75996.04583342883
-75996.18092235891
-75996.6069876227
-75995.42136610782
-75994.38631056732
-75995.89264271618
-75996.1677426525
-59107.11361217518
-75995.67527889558
-75995.69836819114
-75996.42808197421
-75995.87615900874
-75995.49625239905
-75997.28412242999
-59107.72092768487
-75996.01451779259
-42220.01425547568
-75994.10310592334
-59107.055367774126
-75994.5988084091
-59106.43879659346
-75995.62810511776
-59107.040047775066
-75996.96570946375
-75996.34214240295
-59107.69742138854
-75996.11914684238
-59107.467082124414
-59106.655820257496
-75997.15957479135
