-108882.0404123944
-108715.47696180202
-108848.35741086317
-108523.92793657143
-108378.4437204902
-108365.82282509502
-108875.66387543052
-108715.7749129229
-108887.60839313029
-108189.44650949285
-108851.87897607345
-108857.45732565904
-108876.31470985636
-108837.26853793461
-108842.82472754862
-108873.06219366797
-108856.01935198874
-108751.06340697185
-108500.76169459688
-108834.41997559596
-108895.44153006731
-108693.43775801573
-108685.36024783723
-108526.6826228018
-108671.74856940034
-108847.22089670341
-108884.46427723698
-108885.8458972024
-108507.88145440829
-108704.58263514578
-108267.31801344221
-108891.82567151122
-108669.26767091033
-108837.30038284429
-108707.01803377953
-108683.8302022917
-108682.45714152449
-108836.70118587402
-108512.22736861678
-108686.14718327392
-108671.42068213981
-108832.48097713494
-108689.56042234522
-108690.48990334809
-108845.15683064837
-108369.3903076789
-108837.57454130398
-108087.4415592197
-108535.66581237687
-108825.32799650656
